1 1 7 9 4 3 16 10 13
1 2 9 1 3 14 17  1
1 3 1 7 4 13 1 19 7
1 4 7 9 3 14 17 6 
2 1 9 8 4 19 2 5 18
2 2 8 9 3 14  18 6
2 3 9 2 4 1 20 6 16
2 4 2 8 3 5 16  20
3 1 8 4 3 14 20 9 
3 2 4 10 4 11 6 13 2
3 3 10 6 4 15 12 7 16
3 4 6 2 3 12  10 7
4 1 2 8 4 6 13 16 3
4 2 8 7 3 20 13 1 
4 3 7 1 4 7 1 5 9
4 4 1 7 2 18 10  
4 5 7 4 2 7  18 
4 6 4 9 4 6 16 1 13
5 1 9 3 3 4 3 11 
5 2 3 4 4 5 19 11 16
5 3 4 10 4 7 11 8 16
5 4 10 6 3 7 13 19 
5 5 6 9 4 4 19 17 11
6 1 9 1 4 1 13 5 11
7 1 1 7 4 5 11 9 14
8 1 7 3 2 18 8  
8 2 3 7 4 12 15 18 11
8 3 7 5 4 20 5 16 18
8 4 5 8 3 18  14 11
9 1 8 2 3 1 19 12 
9 2 2 10 4 10 14 20 12
9 3 10 7 2 6  18 
10 1 7 8 4 7 4 11 19
11 1 8 6 4 11 15 9 14
11 2 6 4 4 4 12 7 11
11 3 4 7 3 16 15 2 
11 4 7 10 4 5 15 1 10
11 5 10 3 4 6 4 12 14
11 6 3 8 2  11 9 
11 7 8 5 4 17 8 13 1
12 1 5 9 4 12 13 2 20
12 2 9 10 4 14 20 2 6
13 1 10 3 3 7 18  12
13 2 3 8 3 14 5  4
13 3 8 2 4 7 14 3 19
13 4 2 9 4 11 17 15 2
13 5 9 10 4 15 6 2 19
13 6 10 5 3 11 14  19
14 1 5 1 4 6 13 14 16
14 2 1 7 4 17 3 19 12
14 3 7 9 4 2 14 17 9
14 4 9 2 3 7 8  16
14 5 2 10 3 16 4  19
14 6 10 7 3 11 17 12 
14 7 7 9 4 4 2 7 18
15 1 9 3 3 11 4 9 
15 2 3 9 4 11 2 9 4
15 3 9 8 4 16 10 7 4
15 4 8 7 3 4 17 19 
16 1 7 3 4 18 15 3 16
16 2 3 1 4 19 8 5 12
16 3 1 7 4 1 11 15 2
16 4 7 9 4 7 6 19 18
16 5 9 2 3 1 19  20
17 1 2 7 4 6 10 3 5
17 2 7 5 3 15 9 14 
17 3 5 4 4 7 16 11 2
18 1 4 1 2 11  19 
18 2 1 5 3 2 15 17 
19 1 5 6 3 12 13 2 
19 2 6 9 4 3 20 7 8
19 3 9 1 4 19 8 7 14
19 4 1 6 4 1 13 12 9
20 1 6 4 4 17 7 19 8
20 2 4 1 3 2  12 18
20 3 1 4 4 11 8 5 15
20 4 4 3 3 9 12  7
20 5 3 10 4 2 9 15 10
20 6 10 7 4 7 4 11 6
20 7 7 10 3 15 3 9 
20 8 10 9 3 20 13 6 
21 1 9 2 3 10 12  15
21 2 2 6 4 3 7 6 13
21 3 6 4 4 12 18 5 20
21 4 4 7 4 5 20 1 19
22 1 7 2 4 19 14 1 2
22 2 2 3 3 9 7 1 
22 3 3 2 2 7  16 
23 1 2 6 4 4 7 10 5
23 2 6 5 4 19 18 11 20
24 1 5 4 4 4 18 17 5
24 2 4 9 3 19 18  3
24 3 9 3 3 3 4 12 
24 4 3 6 4 3 4 1 6
24 5 6 4 3 3 11  8
25 1 4 3 3 11  18 2
25 2 3 9 4 7 8 5 17
25 3 9 4 4 1 8 18 10
25 4 4 1 4 7 15 17 1
26 1 1 10 4 16 11 18 15
26 2 10 4 4 1 17 18 6
26 3 4 7 4 12 16 13 14
27 1 7 8 2 6  3 
27 2 8 5 4 5 10 11 12
27 3 5 10 4 3 7 5 10
27 4 10 1 4 7 19 20 13
27 5 1 7 4 4 3 10 15
27 6 7 9 4 3 6 17 5
27 7 9 4 2 10 4  
28 1 4 10 4 1 12 7 17
28 2 10 5 4 15 16 18 6
28 3 5 10 4 3 5 8 9
28 4 10 4 4 20 13 4 7
28 5 4 6 3 3 14  11
29 1 6 9 3 5  19 16
29 2 9 7 4 20 1 5 11
29 3 7 5 4 20 4 11 10
29 4 5 6 4 6 3 11 17
29 5 6 10 4 3 16 19 20
29 6 10 9 4 17 11 18 2
29 7 9 3 3 16  4 3
29 8 3 9 3 20 9 2 
30 1 9 3 3  13 20 18
30 2 3 4 4 20 13 3 6
31 1 4 6 4 11 14 3 2
31 2 6 2 4 6 3 5 16
31 3 2 6 3 6 15 1 
31 4 6 10 4 11 15 12 5
31 5 10 4 4 11 4 5 12
31 6 4 1 3 7 4  8
31 7 1 9 3  12 14 9
31 8 9 6 4 14 8 18 4
31 9 6 9 4 3 16 17 8
31 10 9 3 4 9 20 19 4
31 11 3 7 4 20 10 16 18
32 1 7 9 3 10 20 19 
32 2 9 5 4 20 14 16 15
32 3 5 2 4 13 3 19 6
32 4 2 6 3 14  7 10
32 5 6 9 4 19 7 8 1
32 6 9 1 4 11 18 15 12
32 7 1 3 3  20 17 15
32 8 3 10 3 7 13 5 
33 1 10 7 4 11 14 19 20
33 2 7 10 4 8 20 7 4
33 3 10 9 3 14  1 10
33 4 9 1 3 16 8  13
33 5 1 4 3 12 8 14 
33 6 4 6 3  4 8 17
34 1 6 8 4 13 9 5 10
34 2 8 3 4 10 13 3 8
34 3 3 5 3 5 7  1
34 4 5 8 3 2  10 13
34 5 8 2 3 18 13 19 
35 1 2 10 3 5 2  6
35 2 10 4 3  5 16 18
35 3 4 3 4 13 3 2 5
35 4 3 10 2  13  6
35 5 10 9 4 8 13 17 11
36 1 9 5 3 12 13  17
36 2 5 9 3 10 14  19
36 3 9 3 4 13 5 12 20
37 1 3 10 4 10 1 19 9
37 2 10 5 4 5 6 13 8
37 3 5 2 4 2 17 20 6
37 4 2 7 3 14 3  2
38 1 7 3 4 10 16 14 2
38 2 3 9 3 2 19 4 
38 3 9 4 4 17 1 14 4
38 4 4 9 4 7 5 11 16
38 5 9 1 4 16 11 18 3
39 1 1 6 3 13 8 17 
39 2 6 5 4 15 20 7 5
39 3 5 9 4 9 16 14 11
39 4 9 5 3 8 3 12 
40 1 5 3 4 16 4 5 1
40 2 3 6 3 9  7 14
40 3 6 1 3 12 8 6 
40 4 1 4 4 3 8 15 9
41 1 4 6 3 7  2 16
41 2 6 4 4 11 7 12 3
41 3 4 8 4 8 6 19 13
41 4 8 1 4 13 4 3 5
42 1 1 6 4 2 17 5 19
42 2 6 8 3  20 16 12
42 3 8 5 4 1 17 5 6
42 4 5 3 3 18 14  16
42 5 3 2 4 14 2 20 6
42 6 2 5 4 7 18 1 16
43 1 5 7 2 16 19  
43 2 7 1 4 14 12 16 11
43 3 1 6 3  11 16 20
43 4 6 8 3 3 19 17 
43 5 8 10 3 19 5 4 
43 6 10 2 4 18 19 10 6
43 7 2 5 3 18  13 15
44 1 5 3 3 18 9 12 
44 2 3 10 4 16 2 4 10
44 3 10 1 2  17  9
44 4 1 9 3 14 18  2
44 5 9 2 4 14 13 2 16
45 1 2 10 4 12 7 16 17
46 1 10 1 4 7 17 8 10
46 2 1 5 4 17 5 19 8
46 3 5 10 4 12 4 14 8
47 1 10 5 3 16 14 2 
47 2 5 4 4 7 14 18 10
48 1 4 10 4 9 7 1 11
48 2 10 1 3 5 1  11
48 3 1 6 3  15 18 1
49 1 6 7 4 12 9 20 1
49 2 7 8 4 6 7 5 19
49 3 8 5 4 4 14 2 20
49 4 5 9 4 16 10 3 14
49 5 9 10 4 12 2 10 17
50 1 10 3 2 20   16
50 2 3 1 3 14 5  3
50 3 1 2 3 15 4 20 
51 1 2 6 4 11 13 20 1
51 2 6 1 4 18 12 20 14
51 3 1 5 3 9 6 14 
51 4 5 7 3 1  17 14
51 5 7 3 4 6 1 14 17
51 6 3 7 3 8 7 3 
51 7 7 6 4 3 19 1 17
51 8 6 8 3 11 8  12
51 9 8 4 3 17 1 14 
51 10 4 9 4 8 15 16 10
52 1 9 3 3 11 9 10 
52 2 3 9 2 11 1  
52 3 9 7 4 17 8 16 14
52 4 7 10 3 12 13  18
52 5 10 4 4 3 12 18 5
52 6 4 7 4 17 16 8 4
52 7 7 1 4 12 16 11 6
53 1 1 7 4 5 9 10 13
53 2 7 1 3 16 20 8 
53 3 1 6 3 7 6 20 
53 4 6 3 4 11 1 8 5
53 5 3 7 3  11 20 6
54 1 7 10 3 9 20  10
54 2 10 6 2 6  8 
54 3 6 8 4 5 13 17 4
55 1 8 4 3 15 14 19 
55 2 4 9 1  14  
55 3 9 1 4 11 13 15 2
56 1 1 7 4 17 15 19 8
56 2 7 6 4 13 15 2 16
56 3 6 1 3  5 3 18
56 4 1 3 3 17 6 15 
57 1 3 6 4 12 3 7 18
57 2 6 4 3 13  1 3
57 3 4 10 4 6 13 10 4
57 4 10 1 4 6 7 17 8
57 5 1 3 3 2 14 12 
57 6 3 7 4 12 9 10 13
57 7 7 9 3 6 3 1 
57 8 9 1 3 1 10 8 
57 9 1 8 4 13 4 8 1
58 1 8 2 4 11 6 17 19
58 2 2 8 4 18 11 3 19
58 3 8 2 4 1 12 19 3
58 4 2 7 3 13 9  16
58 5 7 6 3 6 3 17 
58 6 6 8 4 3 6 8 4
59 1 8 3 4 3 5 4 1
59 2 3 6 4 16 8 11 1
60 1 6 9 3 1 14  12
60 2 9 2 3 2 6 16 
60 3 2 9 3 16 3  20
60 4 9 2 4 8 14 17 18
60 5 2 9 4 16 5 18 20
60 6 9 6 4 8 14 20 15
60 7 6 3 4 17 3 6 13
61 1 3 4 4 1 5 7 10
61 2 4 6 4 11 8 16 19
61 3 6 2 3 18  7 1
61 4 2 5 4 12 2 9 20
61 5 5 7 3 6 11 19 
61 6 7 5 4 8 9 14 13
61 7 5 6 4 8 13 4 18
62 1 6 2 3 10  7 9
63 1 2 10 4 20 7 10 17
63 2 10 7 4 17 20 6 1
63 3 7 2 4 16 10 13 5
63 4 2 4 4 6 4 9 3
63 5 4 9 3 10 2 16 
64 1 9 5 3 7 20  3
64 2 5 1 4 15 2 13 5
64 3 1 4 4 18 12 11 10
64 4 4 3 3 14 2  7
64 5 3 8 4 9 6 14 1
64 6 8 1 4 20 9 13 3
65 1 1 4 4 6 8 19 10
66 1 4 5 4 13 19 3 14
66 2 5 3 3 16 3 20 
66 3 3 9 3 15  19 7
66 4 9 10 4 3 6 10 7
66 5 10 3 4 14 16 20 18
67 1 3 7 4 7 2 10 4
67 2 7 8 4 8 11 10 18
67 3 8 3 3  11 14 12
67 4 3 6 4 12 17 3 5
67 5 6 7 4 10 20 3 5
67 6 7 2 3 20 9 12 
67 7 2 6 3 10 8 14 
67 8 6 7 3 5 15 20 
68 1 7 2 2  17 8 
69 1 2 5 3 12 6 7 
69 2 5 10 4 17 2 3 19
69 3 10 6 3 20 9 15 
69 4 6 10 3 15 2  16
69 5 10 8 4 9 20 6 5
70 1 8 6 4 9 6 19 18
70 2 6 10 4 4 12 18 6
71 1 10 2 4 5 12 9 16
71 2 2 6 4 5 8 7 1
71 3 6 7 3 9 17 8 
71 4 7 2 4 8 20 2 19
71 5 2 1 3 18  4 8
72 1 1 8 3 5  2 14
72 2 8 10 4 19 13 2 4
73 1 10 2 3 9 15 1 
73 2 2 5 3 4 8 7 
74 1 5 1 3 8 14  4
74 2 1 5 3 8 6  19
74 3 5 3 4 9 14 19 2
74 4 3 10 4 4 5 12 2
74 5 10 3 3 14  8 18
74 6 3 10 4 20 9 3 15
74 7 10 3 3 16 17  2
74 8 3 6 4 19 14 6 12
75 1 6 10 3  9 1 11
75 2 10 4 4 5 15 16 11
75 3 4 8 4 10 7 19 5
75 4 8 2 3 9 8  5
75 5 2 1 3 8  16 9
75 6 1 6 3 1  17 20
76 1 6 7 4 20 15 14 9
76 2 7 3 4 9 8 18 5
76 3 3 5 2  15 10 
76 4 5 6 3 6 10  1
76 5 6 10 3 11 7 5 
76 6 10 2 3  8 17 3
76 7 2 1 4 8 14 5 6
77 1 1 10 4 7 3 4 6
77 2 10 8 2 1  20 
77 3 8 7 3 15 12  11
77 4 7 4 2 20 2  
77 5 4 7 3 1 17 8 
78 1 7 10 4 5 7 11 12
78 2 10 9 3 16 12  1
78 3 9 7 4 3 15 20 7
78 4 7 5 3 15 12 6 
79 1 5 10 3  1 10 16
79 2 10 5 4 20 18 9 14
79 3 5 10 4 13 14 17 5
80 1 10 1 4 16 2 18 10
80 2 1 4 3 11  20 3
80 3 4 3 2 17 8  
80 4 3 8 3 1 6  4
81 1 8 3 4 12 4 17 7
81 2 3 5 3 10 12 15 
81 3 5 1 4 7 12 14 9
81 4 1 3 4 18 7 10 14
82 1 3 2 2  7  8
82 2 2 1 4 14 15 7 2
82 3 1 5 4 5 13 12 2
82 4 5 10 3 18 14 11 
83 1 10 8 4 16 18 11 7
83 2 8 6 3  10 7 5
84 1 6 5 2 6 4  
84 2 5 3 4 19 16 11 14
84 3 3 6 4 11 5 9 10
84 4 6 3 4 7 20 19 15
85 1 3 8 4 9 7 18 8
85 2 8 6 4 16 2 12 13
85 3 6 1 4 3 5 11 16
86 1 1 2 3 9 4  10
87 1 2 10 4 14 6 12 5
87 2 10 1 4 7 12 16 6
87 3 1 7 4 5 6 2 20
87 4 7 2 4 1 20 5 11
87 5 2 6 3 3 10 12 
88 1 6 2 4 5 14 20 15
88 2 2 6 3 3  1 15
89 1 6 4 4 15 13 4 3
89 2 4 6 3 5  12 15
89 3 6 10 3  9 10 8
90 1 10 6 3 20 6  5
90 2 6 9 4 15 2 20 6
90 3 9 8 3 16 12  3
90 4 8 7 3 16  12 4
91 1 7 6 3 14 9  20
91 2 6 3 2 4 20  
91 3 3 2 4 20 11 8 6
92 1 2 5 4 12 14 10 3
92 2 5 4 4 12 3 19 10
92 3 4 8 1 1   
92 4 8 10 4 8 15 2 14
92 5 10 4 4 15 1 8 19
92 6 4 9 4 9 20 8 6
93 1 9 1 4 16 17 5 2
93 2 1 9 3 17 15 3 
93 3 9 5 3 13  19 9
93 4 5 2 3 4 1  10
93 5 2 7 4 16 5 1 18
93 6 7 3 3 2 16 19 
94 1 3 5 4 14 8 18 5
94 2 5 9 4 9 6 17 1
94 3 9 8 3 17  9 20
94 4 8 1 4 17 1 10 14
95 1 1 7 2  1 15 
95 2 7 3 4 5 20 11 1
95 3 3 6 4 19 16 10 15
95 4 6 4 4 9 10 20 3
96 1 4 10 4 11 17 20 19
96 2 10 8 4 17 14 9 13
96 3 8 1 3 3 11  12
96 4 1 8 3 9  7 17
96 5 8 3 4 14 6 13 9
96 6 3 7 4 20 2 19 12
97 1 7 8 4 8 6 13 9
97 2 8 3 3 3  11 6
97 3 3 10 4 20 12 5 9
97 4 10 6 3 5  16 19
98 1 6 8 3 2 20 6 
98 2 8 10 4 9 8 5 7
98 3 10 1 4 8 4 5 20
98 4 1 7 3 6 13 17 
99 1 7 10 4 14 18 19 4
99 2 10 3 4 17 7 8 9
99 3 3 1 4 10 8 1 11
99 4 1 10 4 20 5 16 18
99 5 10 2 4 6 12 5 2
99 6 2 5 3 14 13  19
99 7 5 7 4 8 1 4 12
99 8 7 10 4 20 13 18 3
99 9 10 1 4 16 12 3 5
100 1 1 7 3 13  17 10
100 2 7 1 4 18 15 16 9
100 3 1 8 4 19 11 15 20
100 4 8 4 2 16 1  
100 5 4 10 4 11 1 2 13
100 6 10 2 3  18 19 10
100 7 2 1 4 12 2 20 19
